air@AC:~ $ ir-ctl --one-shot --receive --device=/dev/lirc0
+4426 -4262 +560 -1617 +536 -544 +535 -1624 +534 -1617 +536 -544 +538 -543 +539 -1615 +536 -547 +613 -465 +537 -1617 +536 -546 +536 -544 +537 -1617 +536 -1619 +535 -544 +537 -1624 +611 -467 +536 -1622 +541 -540 +536 -1625 +534 -1616 +536 -1617 +539 -1615 +537 -1619 +613 -1540 +536 -544 +537 -1624 +534 -544 +536 -546 +560 -520 +536 -545 +560 -523 +611 -468 +560 -520 +537 -544 +559 -1573 +559 -543 +560 -521 +537 -544 +559 -523 +611 -1517 +560 -1597 +559 -1592 +561 -556 +525 -1599 +559 -1596 +560 -1592 +560 -1594 +637 -5078 +4447 -4238 +560 -1593 +560 -545 +537 -1598 +561 -1592 +562 -546 +535 -543 +537 -1592 +562 -546 +615 -464 +536 -1593 +562 -546 +535 -545 +536 -1593 +562 -1597 +557 -544 +536 -1600 +635 -467 +536 -1598 +560 -545 +536 -1597 +562 -1597 +557 -1594 +561 -1594 +559 -1600 +637 -1513 +559 -546 +538 -1596 +559 -546 +535 -546 +537 -544 +535 -545 +536 -548 +611 -469 +537 -544 +535 -546 +535 -1596 +558 -547 +534 -546 +535 -546 +538 -547 +605 -1521 +558 -1599 +557 -1597 +541 -567 +514 -1617 +542 -1615 +541 -1611 +542 -1616 +561

# Parsed result
state_before=cool 18C fan_low
button=fan_select
state_after=cool 18C fan_medium  confirmed=true
observed_bytes_msb_first=b2 4d 5f a0 10 ef
previous_low_fan_bytes=b2 4d 9f 60 10 ef
interpretation=fan state is encoded in the packet
