air@AC:~ $ ir-ctl --one-shot --receive --device=/dev/lirc0
+4341 -4321 +561 -1612 +541 -515 +566 -1616 +542 -1611 +543 -515 +566 -518 +562 -1610 +543 -522 +563 -511 +565 -1611 +543 -516 +565 -515 +566 -1612 +542 -1611 +542 -516 +566 -1620 +541 -512 +566 -515 +566 -1615 +539 -1611 +555 -1601 +540 -1611 +543 -1611 +543 -1616 +540 -1608 +542 -1613 +541 -515 +565 -516 +565 -515 +570 -525 +552 -514 +566 -517 +567 -512 +567 -515 +566 -515 +572 -1610 +542 -514 +566 -515 +566 -515 +568 -515 +567 -1608 +544 -1612 +542 -1611 +543 -518 +565 -1614 +542 -1612 +543 -1613 +541 -1611 +544 -5158 +4380 -4306 +561 -1611 +544 -516 +566 -1618 +540 -1610 +544 -515 +566 -515 +565 -1611 +544 -519 +567 -511 +565 -1611 +545 -515 +565 -515 +566 -1610 +547 -1608 +545 -515 +566 -1618 +544 -512 +566 -515 +566 -1611 +544 -1609 +546 -1610 +543 -1610 +547 -1607 +546 -1612 +546 -1606 +546 -1611 +543 -516 +566 -515 +566 -515 +567 -515 +566 -515 +566 -518 +567 -514 +574 -506 +565 -516 +566 -1615 +544 -516 +566 -515 +567 -515 +568 -516 +568 -1604 +548 -1607 +547 -1607 +547 -516 +566 -1611 +548 -1620 +535 -1606 +548 -1611 +545

# Parsed result
state_before=cool 18C fan_medium
button=fan_select
state_after=cool 18C fan_high  confirmed=true
observed_bytes_msb_first=b2 4d 3f c0 10 ef
matches_temperature_captures=true
interpretation=bytes 3 and 4 strongly correlate with high fan state
