air@AC:~ $ ir-ctl --one-shot --receive --device=/dev/lirc0
+4342 -4351 +561 -1614 +539 -515 +566 -1618 +540 -1613 +540 -515 +568 -516 +567 -1608 +540 -516 +568 -511 +566 -1613 +540 -515 +566 -515 +566 -1588 +568 -1610 +541 -515 +566 -1620 +541 -1610 +541 -516 +566 -1616 +540 -1615 +539 -1607 +547 -1613 +540 -1614 +539 -1616 +541 -512 +566 -1617 +540 -516 +566 -515 +566 -515 +566 -519 +561 -515 +566 -522 +564 -509 +565 -515 +565 -515 +565 -1619 +539 -516 +566 -515 +566 -515 +568 -515 +567 -1610 +541 -1613 +540 -1613 +541 -516 +566 -1614 +542 -1612 +541 -1614 +540 -1612 +542 -5149 +4381 -4305 +562 -1615 +539 -515 +566 -1616 +542 -1612 +542 -515 +569 -513 +566 -1611 +543 -518 +567 -510 +565 -1612 +543 -515 +566 -515 +566 -1611 +543 -1612 +543 -515 +566 -1617 +544 -1609 +543 -516 +565 -1615 +543 -1613 +541 -1611 +546 -1610 +543 -1610 +544 -1613 +543 -513 +566 -1616 +542 -516 +566 -515 +567 -515 +569 -513 +565 -514 +566 -518 +567 -512 +566 -514 +566 -515 +566 -1617 +543 -515 +566 -515 +567 -515 +567 -516 +567 -1607 +545 -1610 +545 -1609 +545 -518 +563 -1612 +546 -1610 +545 -1609 +547 -1613 +543

# Parsed result
state_before=cool 17C fan_auto_candidate
button=temperature_up
state_after=cool 18C fan_auto_candidate  confirmed=true
observed_bytes_msb_first=b2 4d bf 40 10 ef
expected_match=true
temperature_map=17C:00/ff 18C:10/ef
