air@AC:~ $ ir-ctl --one-shot --receive --device=/dev/lirc0
+4355 -4303 +566 -1608 +544 -515 +566 -1613 +544 -1609 +544 -515 +564 -515 +566 -1610 +545 -516 +567 -512 +565 -1610 +544 -515 +566 -515 +566 -1610 +544 -1610 +544 -515 +566 -1616 +545 -1607 +545 -514 +566 -1614 +544 -1610 +545 -1610 +545 -1609 +545 -1610 +544 -1612 +546 -511 +565 -1615 +543 -516 +565 -515 +566 -514 +566 -515 +566 -515 +566 -517 +568 -511 +566 -515 +566 -1611 +544 -515 +565 -515 +566 -515 +566 -515 +565 -518 +567 -1611 +545 -1608 +545 -515 +566 -1613 +545 -1609 +544 -1611 +544 -1610 +545 -1610 +546 -5168 +4363 -4305 +563 -1610 +545 -515 +566 -1615 +544 -1609 +546 -514 +566 -515 +566 -1610 +545 -516 +568 -511 +566 -1610 +545 -515 +567 -515 +565 -1610 +545 -1609 +545 -515 +567 -1614 +547 -1607 +544 -515 +566 -1613 +545 -1610 +545 -1609 +546 -1608 +545 -1610 +545 -1612 +548 -512 +566 -1615 +544 -515 +566 -515 +566 -515 +566 -515 +567 -514 +567 -517 +569 -511 +566 -515 +566 -1609 +547 -515 +566 -515 +566 -515 +567 -515 +566 -518 +567 -1609 +548 -1607 +547 -515 +567 -1611 +548 -1609 +547 -1606 +548 -1607 +549 -1609 +546

# Parsed result
state_before=cool 19C fan_auto_candidate
button=temperature_up
state_after=cool 20C fan_auto_candidate  confirmed=true
observed_bytes_msb_first=b2 4d bf 40 20 df
predicted_bytes=b2 4d bf 40 20 df
prediction_match=true
temperature_encoding=gray_code(temperature_c-17)  confirmed=true
