air@AC:~ $ for mode in dry fan-only auto cool; do ir-ctl --one-shot --receive --device=/dev/lirc0; done

# Capture 1: dehumidification
+4422 -4311 +563 -1612 +543 -514 +565 -1616 +542 -1610 +543 -515 +567 -514 +571 -1610 +543 -515 +569 -506 +567 -1618 +539 -514 +558 -514 +566 -1610 +545 -1609 +543 -515 +566 -1618 +542 -512 +566 -515 +566 -516 +579 -1601 +541 -1614 +541 -1610 +543 -1612 +542 -1612 +544 -1608 +542 -1611 +544 -1611 +542 -515 +566 -515 +566 -515 +565 -516 +566 -517 +567 -513 +567 -514 +565 -515 +566 -515 +567 -514 +565 -1611 +544 -515 +566 -516 +567 -1608 +544 -1611 +542 -1611 +544 -1610 +543 -1611 +544 -517 +565 -1613 +546 -1611 +543 -5156 +4382 -4303 +565 -1612 +540 -515 +566 -1615 +544 -1612 +542 -515 +568 -514 +565 -1610 +544 -517 +567 -512 +566 -1610 +544 -515 +566 -515 +566 -1611 +546 -1610 +542 -515 +567 -1616 +545 -512 +566 -515 +565 -516 +566 -1614 +545 -1612 +543 -1609 +545 -1610 +546 -1611 +546 -1609 +543 -1611 +544 -1608 +544 -516 +566 -515 +568 -513 +566 -515 +565 -518 +567 -512 +565 -515 +565 -516 +566 -515 +566 -515 +566 -1609 +546 -515 +567 -518 +565 -1616 +538 -1607 +546 -1608 +547 -1608 +547 -1608 +549 -513 +565 -1613 +547 -1611 +545
observed_bytes_msb_first=b2 4d 1f e0 04 fb
frames_identical=true

# Capture 2: fan-only
+4343 -4350 +564 -1611 +542 -515 +566 -1615 +543 -1614 +540 -515 +565 -516 +565 -1601 +553 -517 +567 -512 +567 -1611 +543 -515 +565 -515 +566 -1612 +543 -1614 +540 -516 +566 -1617 +545 -510 +565 -516 +565 -1612 +545 -1612 +540 -1612 +543 -1613 +540 -1612 +543 -1613 +544 -1611 +540 -1611 +544 -515 +565 -516 +565 -516 +565 -516 +565 -517 +566 -515 +567 -1609 +545 -1609 +543 -1611 +546 -513 +566 -515 +566 -1612 +542 -515 +566 -517 +567 -513 +564 -516 +566 -515 +566 -1615 +546 -1610 +542 -516 +567 -1613 +543 -1611 +544 -5158 +4381 -4306 +563 -1612 +543 -514 +567 -1614 +545 -1612 +542 -515 +566 -515 +567 -1609 +545 -517 +567 -512 +566 -1611 +543 -515 +566 -517 +565 -1610 +544 -1613 +543 -515 +566 -1616 +547 -511 +566 -515 +566 -1610 +545 -1610 +545 -1611 +546 -1608 +546 -1610 +545 -1611 +546 -1609 +544 -1607 +546 -516 +565 -515 +566 -515 +566 -515 +566 -517 +566 -516 +567 -1606 +548 -1608 +546 -1611 +544 -515 +566 -515 +566 -1609 +545 -515 +566 -518 +567 -512 +566 -515 +566 -515 +566 -1611 +552 -1605 +546 -515 +567 -1613 +546 -1610 +547
observed_bytes_msb_first=b2 4d 3f c0 e4 1b
frames_identical=true

# Capture 3: automatic
+4342 -4348 +541 -1612 +541 -516 +566 -1614 +545 -1609 +543 -515 +566 -516 +564 -1613 +541 -517 +567 -513 +565 -1611 +544 -514 +566 -515 +566 -1612 +545 -1609 +542 -515 +566 -1616 +544 -512 +566 -515 +566 -516 +567 -1616 +542 -1611 +546 -1610 +541 -1611 +544 -1613 +543 -1608 +543 -1611 +543 -1610 +543 -516 +566 -515 +565 -518 +566 -514 +564 -517 +567 -512 +566 -516 +566 -515 +565 -515 +565 -1617 +542 -515 +565 -515 +565 -518 +570 -1608 +544 -1611 +543 -1610 +544 -1612 +543 -513 +566 -1614 +545 -1611 +543 -1611 +544 -5148 +4383 -4307 +561 -1612 +544 -515 +566 -1614 +545 -1610 +545 -516 +566 -516 +566 -1608 +544 -518 +568 -512 +566 -1609 +545 -515 +567 -514 +565 -1611 +545 -1611 +543 -515 +566 -1616 +546 -513 +565 -516 +566 -515 +568 -1613 +543 -1611 +544 -1608 +546 -1609 +546 -1612 +547 -1606 +546 -1609 +546 -1609 +546 -516 +565 -521 +560 -516 +572 -509 +565 -518 +567 -514 +566 -514 +566 -516 +566 -515 +566 -1615 +544 -516 +565 -516 +565 -519 +566 -1608 +548 -1607 +549 -1606 +548 -1609 +548 -513 +567 -1613 +547 -1606 +550 -1612 +544
observed_bytes_msb_first=b2 4d 1f e0 08 f7
frames_identical=true

# Capture 4: cooling
+4345 -4327 +563 -1612 +541 -515 +566 -1618 +540 -1612 +541 -516 +567 -516 +563 -1613 +541 -518 +566 -512 +567 -1613 +541 -514 +566 -515 +566 -1615 +540 -1614 +540 -515 +566 -1620 +541 -512 +565 -516 +567 -1614 +538 -1614 +540 -1613 +540 -1612 +542 -1613 +541 -1618 +539 -1609 +541 -1613 +540 -515 +566 -515 +566 -515 +573 -508 +565 -515 +566 -517 +572 -509 +564 -515 +566 -515 +566 -515 +567 -514 +565 -515 +566 -515 +566 -517 +570 -1606 +542 -1613 +541 -1612 +542 -1616 +542 -1609 +542 -1614 +539 -1612 +542 -1614 +543 -5136 +4380 -4309 +559 -1610 +542 -515 +567 -1618 +540 -1612 +542 -518 +564 -514 +566 -1612 +555 -506 +566 -512 +566 -1612 +545 -513 +566 -515 +565 -1613 +542 -1612 +544 -515 +567 -1617 +544 -512 +566 -516 +568 -1610 +542 -1621 +535 -1610 +543 -1612 +544 -1611 +543 -1613 +544 -1608 +544 -1611 +544 -515 +565 -516 +566 -517 +566 -514 +565 -515 +566 -519 +567 -511 +566 -515 +566 -515 +566 -515 +568 -514 +566 -515 +566 -516 +566 -518 +566 -1605 +547 -1608 +547 -1608 +547 -1609 +546 -1607 +564 -1593 +549 -1606 +550 -1612 +546
observed_bytes_msb_first=b2 4d 3f c0 00 ff
frames_identical=true

# Sequence confirmed by user
sequence=dehumidification -> fan-only -> automatic -> cooling
base_temperature_c=17
base_fan=high
