air@AC:~ $ for action in power-off power-on; do ir-ctl --one-shot --receive --device=/dev/lirc0; done

# Capture 1: power off
+4369 -4307 +563 -1611 +541 -515 +566 -1613 +545 -1607 +545 -515 +566 -514 +567 -1614 +538 -516 +567 -512 +565 -1609 +544 -514 +565 -515 +565 -1610 +544 -1609 +543 -514 +566 -1616 +544 -512 +565 -1614 +544 -1612 +540 -1611 +544 -1608 +544 -515 +565 -1613 +544 -1611 +546 -1606 +543 -515 +566 -515 +565 -515 +566 -514 +566 -1609 +545 -515 +564 -516 +567 -1606 +546 -1608 +544 -1610 +544 -515 +566 -515 +566 -515 +568 -513 +566 -516 +567 -511 +566 -515 +567 -515 +566 -1609 +545 -1612 +540 -1612 +543 -1609 +544 -1609 +546 -5156 +4381 -4326 +541 -1611 +543 -515 +565 -1614 +547 -1608 +544 -516 +566 -515 +566 -1610 +544 -517 +567 -513 +567 -1607 +544 -515 +567 -515 +566 -1611 +542 -1611 +544 -515 +566 -1620 +542 -512 +565 -1615 +544 -1612 +542 -1611 +545 -1613 +540 -515 +566 -1616 +542 -1613 +544 -1610 +541 -515 +566 -515 +567 -514 +565 -516 +566 -1612 +543 -515 +566 -517 +567 -1611 +555 -1600 +541 -1614 +540 -515 +565 -516 +566 -515 +567 -515 +565 -517 +566 -513 +566 -516 +565 -515 +566 -1592 +563 -1595 +562 -1589 +570 -1586 +567 -1590 +568
observed_bytes_msb_first=b2 4d 7b 84 e0 1f
frames_identical=true

# Capture 2: power on
+4374 -4318 +543 -1609 +544 -515 +567 -1612 +545 -1610 +543 -517 +563 -515 +566 -1611 +543 -517 +567 -511 +566 -1610 +544 -515 +566 -515 +566 -1611 +542 -1609 +545 -516 +567 -1613 +546 -512 +566 -515 +565 -1610 +545 -1610 +543 -1609 +545 -1611 +543 -1608 +545 -1613 +545 -1605 +546 -1612 +541 -515 +566 -516 +566 -515 +566 -515 +566 -515 +566 -518 +566 -512 +566 -514 +567 -515 +566 -515 +566 -515 +566 -515 +566 -515 +569 -514 +567 -1605 +546 -1610 +544 -1608 +547 -1607 +546 -1608 +546 -1608 +547 -1610 +544 -1607 +549 -5148 +4367 -4321 +545 -1607 +547 -515 +569 -1609 +547 -1608 +547 -515 +566 -515 +566 -1608 +548 -515 +568 -511 +566 -1608 +547 -515 +566 -515 +566 -1608 +546 -1607 +548 -516 +565 -1613 +550 -512 +567 -517 +564 -1605 +549 -1607 +547 -1607 +549 -1607 +549 -1604 +553 -1604 +551 -1603 +551 -1604 +551 -512 +569 -513 +581 -500 +568 -513 +567 -516 +565 -517 +564 -515 +566 -515 +566 -516 +568 -513 +565 -517 +564 -517 +564 -518 +564 -518 +568 -1608 +542 -1613 +541 -1613 +543 -1614 +540 -1614 +541 -1612 +543 -1616 +540 -1615 +542
observed_bytes_msb_first=b2 4d 3f c0 00 ff
frames_identical=true

# Comparison
power_off_bytes=b2 4d 7b 84 e0 1f
power_on_bytes=b2 4d 3f c0 00 ff
power_on_matches=cool 17C high fan
