air@AC:~ $ for press in economy-1 economy-2 turbo-1 turbo-2; do ir-ctl --one-shot --receive --device=/dev/lirc0; done

# Capture 1: economy first press
+4364 -4301 +563 -1608 +544 -515 +565 -1614 +543 -1609 +544 -516 +572 -508 +563 -1609 +544 -517 +566 -511 +566 -1610 +544 -515 +566 -515 +565 -1612 +542 -1609 +544 -515 +567 -1613 +546 -1606 +546 -1609 +541 -1612 +541 -515 +565 -515 +568 -513 +568 -512 +565 -517 +567 -511 +565 -515 +565 -516 +565 -1611 +543 -1611 +542 -1609 +544 -1612 +542 -1612 +546 -510 +565 -515 +566 -514 +565 -515 +566 -515 +565 -515 +566 -1612 +541 -1611 +546 -1607 +544 -1609 +544 -1612 +541 -1610 +545 -1609 +543 -1609 +545 -517 +563 -515 +567 -5132 +4382 -4302 +564 -1608 +544 -515 +566 -1615 +543 -1609 +545 -532 +550 -514 +566 -1609 +546 -516 +567 -512 +566 -1612 +542 -515 +566 -515 +566 -1609 +545 -1609 +545 -516 +566 -1615 +547 -1606 +546 -514 +565 -1613 +546 -1610 +544 -1609 +548 -1606 +545 -1608 +547 -1611 +545 -512 +566 -1615 +543 -515 +566 -517 +564 -516 +565 -515 +566 -515 +566 -518 +570 -508 +566 -515 +565 -516 +565 -517 +564 -516 +566 -516 +566 -514 +566 -518 +567 -1604 +547 -1610 +544 -1607 +547 -1608 +546 -1608 +548 -1606 +548 -1607 +547 -1607 +549 -5173 +4364 -4323 +546 -1606 +548 -515 +566 -1612 +546 -1607 +549 -515 +566 -515 +566 -1605 +552 -514 +567 -516 +567 -1603 +549 -513 +569 -513 +567 -1610 +546 -1606 +548 -513 +594 -1590 +541 -1611 +566 -493 +565 -1615 +543 -1615 +539 -1613 +543 -1612 +542 -1612 +543 -1615 +546 -511 +563 -1620 +540 -517 +564 -518 +565 -516 +565 -518 +562 -518 +563 -520 +565 -514 +563 -518 +563 -518 +563 -521 +560 -519 +562 -519 +563 -519 +562 -521 +564 -1611 +541 -1617 +537 -1615 +542 -1614 +539 -1616 +539 -1618 +537 -1616 +540 -1618 +537
frames_msb_first=b2 4d e0 1f 03 fc | b2 4d bf 40 00 ff | b2 4d bf 40 00 ff
frame_count=3
frames_identical=false

# Capture 2: economy second press
+4298 -4345 +563 -1609 +545 -513 +567 -1616 +540 -1609 +544 -515 +567 -514 +566 -1613 +542 -515 +567 -512 +567 -1608 +545 -514 +566 -517 +564 -1609 +545 -1611 +543 -515 +566 -1615 +547 -1606 +544 -515 +566 -1615 +542 -1609 +544 -1610 +544 -1612 +545 -1605 +544 -1611 +549 -509 +566 -1613 +544 -515 +566 -515 +566 -515 +566 -516 +565 -518 +565 -514 +567 -511 +566 -518 +566 -512 +566 -515 +566 -515 +566 -515 +567 -514 +566 -517 +567 -1610 +541 -1610 +545 -1610 +544 -1610 +544 -1613 +542 -1610 +548 -1608 +541 -1610 +546 -5158 +4381 -4323 +543 -1609 +546 -514 +566 -1613 +545 -1610 +544 -515 +566 -515 +568 -1610 +544 -516 +567 -512 +566 -1610 +545 -516 +566 -517 +564 -1609 +546 -1611 +543 -516 +566 -1615 +547 -1605 +546 -515 +565 -1616 +541 -1610 +548 -1608 +545 -1609 +549 -1606 +546 -1611 +549 -510 +567 -1612 +546 -515 +566 -515 +566 -515 +566 -515 +569 -514 +565 -516 +567 -512 +569 -514 +565 -515 +565 -515 +566 -515 +566 -516 +564 -516 +567 -517 +567 -1606 +546 -1607 +547 -1608 +546 -1608 +547 -1612 +542 -1608 +548 -1607 +548 -1612 +544
frames_msb_first=b2 4d bf 40 00 ff | b2 4d bf 40 00 ff
frame_count=2
frames_identical=true

# Capture 3: turbo cooling first press
+4370 -4309 +565 -1610 +542 -515 +565 -1616 +542 -1611 +543 -518 +563 -1613 +543 -515 +568 -1617 +541 -512 +566 -1617 +540 -515 +566 -515 +565 -1613 +541 -515 +566 -1618 +540 -517 +567 -1617 +564 -1588 +562 -1593 +538 -1590 +565 -514 +566 -1593 +568 -512 +568 -1619 +543 -512 +567 -535 +545 -514 +567 -513 +567 -1584 +622 -482 +601 -1535 +625 -480 +572 -1560 +652 -453 +629 -1508 +648 -454 +628 -452 +628 -453 +629 -1507 +649 -456 +569 -512 +625 -1502 +629 -478 +626 -1508 +625 -1532 +621 -1528 +624 -483 +600 -1533 +561 -5154 +4411 -4275 +616 -1535 +619 -487 +598 -1536 +618 -1536 +618 -487 +594 -1539 +618 -491 +592 -1540 +545 -561 +592 -1540 +616 -489 +592 -489 +595 -1535 +615 -491 +591 -1543 +615 -492 +521 -1611 +614 -1541 +614 -1545 +609 -1540 +592 -517 +588 -1543 +614 -491 +565 -1571 +546 -557 +589 -492 +592 -490 +566 -516 +566 -1565 +590 -515 +564 -1570 +590 -518 +521 -1609 +588 -517 +564 -1572 +586 -517 +564 -517 +566 -515 +564 -1571 +587 -520 +522 -557 +563 -1568 +587 -522 +561 -1570 +586 -1571 +584 -1569 +585 -520 +564 -1574 +588
frames_msb_first=b5 4a f5 0a a2 5d | b5 4a f5 0a a2 5d
frame_count=2
frames_identical=true

# Capture 4: turbo cooling second press
+4374 -4298 +563 -1614 +540 -514 +565 -1617 +542 -1611 +541 -515 +566 -1621 +536 -515 +565 -1620 +541 -512 +566 -1617 +540 -516 +565 -515 +566 -1616 +537 -515 +566 -1617 +540 -519 +566 -1614 +564 -1566 +564 -1614 +540 -1614 +539 -515 +566 -1596 +563 -514 +565 -1599 +563 -509 +567 -515 +566 -512 +568 -514 +568 -1592 +564 -534 +545 -1616 +541 -539 +543 -1592 +592 -509 +547 -1587 +623 -482 +547 -534 +573 -507 +573 -1562 +628 -478 +570 -508 +604 -1531 +624 -476 +602 -1533 +631 -1521 +653 -1504 +651 -453 +627 -1511 +587 -5124 +4407 -4279 +614 -1536 +618 -488 +592 -1540 +621 -1535 +615 -490 +591 -1544 +612 -491 +590 -1546 +572 -531 +588 -1545 +590 -515 +589 -492 +565 -1567 +587 -516 +566 -1568 +589 -519 +523 -1608 +589 -1567 +587 -1565 +591 -1565 +587 -517 +565 -1569 +589 -517 +564 -1572 +576 -528 +563 -518 +564 -517 +564 -517 +569 -1562 +585 -518 +563 -1573 +587 -519 +574 -1560 +585 -520 +563 -1572 +588 -517 +563 -518 +563 -519 +563 -1573 +586 -521 +574 -505 +562 -1572 +583 -518 +562 -1573 +585 -1569 +586 -1571 +584 -520 +562 -1577 +588
frames_msb_first=b5 4a f5 0a a2 5d | b5 4a f5 0a a2 5d
frame_count=2
frames_identical=true

# Interpretation pending LCD-state confirmation
economy_first_press=one special frame followed by two cool-17-auto-fan-candidate state frames
economy_second_press=two cool-17-auto-fan-candidate state frames
turbo_first_and_second_press=same repeated packet
