air@AC:~ $ for press in led-1 led-2 airflow-fix-1 airflow-fix-2; do ir-ctl --one-shot --receive --device=/dev/lirc0; done

# Capture 1: LED first press
+4340 -4328 +585 -1590 +540 -514 +566 -1617 +540 -1615 +543 -513 +564 -1617 +540 -517 +563 -1620 +541 -512 +567 -1617 +540 -515 +566 -514 +568 -1611 +540 -515 +566 -1620 +537 -517 +567 -1617 +538 -1612 +541 -1614 +540 -1614 +540 -515 +566 -1618 +540 -515 +566 -1620 +542 -512 +566 -515 +569 -515 +565 -513 +566 -1616 +538 -515 +565 -1617 +542 -520 +564 -1615 +541 -515 +568 -1616 +541 -515 +566 -515 +566 -1614 +540 -515 +566 -1623 +539 -512 +566 -1620 +538 -514 +566 -1617 +542 -1613 +541 -515 +566 -1621 +538 -515 +567 -5146 +4383 -4302 +563 -1615 +540 -515 +570 -1615 +540 -1617 +537 -515 +566 -1619 +543 -512 +566 -1620 +542 -512 +568 -1593 +564 -516 +565 -517 +565 -1615 +540 -514 +567 -1622 +538 -516 +567 -1618 +539 -1614 +541 -1593 +563 -1588 +567 -514 +565 -1594 +566 -514 +568 -1595 +565 -512 +567 -513 +572 -511 +566 -513 +568 -1591 +565 -513 +568 -1592 +569 -512 +569 -1590 +566 -513 +570 -1591 +567 -513 +568 -514 +566 -1589 +567 -513 +568 -1597 +562 -513 +568 -1593 +566 -516 +589 -1573 +586 -1565 +590 -516 +565 -1572 +587 -519 +567
frames_msb_first=b5 4a f5 0a a5 5a
frame_count=2

# Capture 2: LED second press
+4318 -4347 +562 -1614 +540 -515 +565 -1619 +540 -1613 +540 -516 +565 -1621 +537 -514 +566 -1621 +542 -511 +566 -1617 +542 -514 +565 -515 +565 -1616 +539 -515 +566 -1617 +543 -515 +567 -1614 +541 -1616 +538 -1613 +541 -1613 +542 -515 +565 -1617 +541 -515 +565 -1618 +544 -511 +565 -515 +566 -515 +566 -516 +572 -1607 +541 -516 +566 -1617 +541 -518 +567 -1612 +543 -515 +567 -1615 +547 -511 +566 -515 +566 -1612 +542 -516 +566 -1617 +544 -516 +564 -1613 +543 -516 +567 -1614 +546 -1611 +542 -515 +566 -1614 +544 -519 +564 -5145 +4384 -4303 +563 -1612 +544 -515 +566 -1615 +545 -1609 +546 -515 +566 -1617 +542 -515 +566 -1616 +546 -513 +567 -1616 +543 -520 +563 -514 +566 -1609 +546 -514 +566 -1613 +548 -515 +567 -1609 +547 -1611 +543 -1607 +551 -1606 +546 -515 +566 -1612 +548 -515 +566 -1614 +552 -510 +567 -514 +568 -514 +569 -514 +567 -1606 +549 -514 +567 -1615 +544 -516 +567 -1614 +543 -515 +566 -1618 +540 -517 +566 -515 +565 -1614 +541 -517 +563 -1599 +567 -512 +563 -1597 +561 -518 +567 -1615 +541 -1614 +541 -519 +563 -1617 +545 -519 +563
frames_msb_first=b5 4a f5 0a a5 5a
frame_count=2

# Capture 3: airflow fix first press
+4403 -4277 +650 -1501 +654 -451 +630 -1502 +657 -1499 +653 -451 +605 -477 +604 -1528 +626 -477 +600 -480 +573 -1557 +623 -480 +574 -507 +571 -1559 +624 -1528 +626 -480 +597 -1540 +593 -508 +572 -509 +571 -510 +551 -537 +540 -1584 +596 -1558 +623 -1528 +624 -1535 +592 -1559 +621 -1536 +594 -1582 +571 -1583 +546 -535 +546 -513 +570 -510 +568 -514 +567 -1613 +542 -1586 +569 -1585 +570 -536 +542 -514 +567 -513 +571 -511 +566 -516 +567 -511 +567 -513 +567 -515 +566 -1614 +544 -1593 +561 -1591 +564 -1588 +564 -1618 +537
frames_msb_first=b2 4d 0f f0 e0 1f
frame_count=1

# Capture 4: airflow fix second press
+4429 -4251 +627 -1527 +651 -453 +630 -1504 +653 -1503 +656 -446 +630 -451 +614 -1517 +652 -454 +595 -484 +597 -1532 +597 -508 +547 -534 +545 -1588 +566 -1586 +568 -517 +562 -1593 +565 -512 +565 -513 +567 -514 +567 -513 +566 -1618 +537 -1613 +541 -1615 +542 -1586 +568 -1586 +584 -1593 +543 -1613 +538 -1594 +583 -491 +567 -515 +589 -492 +566 -519 +565 -1612 +540 -1615 +539 -1614 +540 -515 +566 -515 +565 -516 +565 -516 +566 -519 +569 -508 +566 -515 +566 -515 +569 -1611 +541 -1615 +541 -1613 +539 -1593 +561 -1596 +560
frames_msb_first=b2 4d 0f f0 e0 1f
frame_count=1

# Comparison
led_both_presses=b5 4a f5 0a a5 5a (two frames)
airflow_fix_both_presses=b2 4d 0f f0 e0 1f (one frame)
classification=stateless immediate commands (display confirmation pending)
