air@AC:~ $ for press in 1 2 3 4; do ir-ctl --one-shot --receive --device=/dev/lirc0; done

# Airflow select press 1
+4430 -4259 +584 -1567 +587 -519 +561 -1570 +588 -1568 +585 -518 +563 -518 +563 -1568 +587 -517 +576 -503 +564 -1566 +587 -516 +564 -517 +564 -1564 +589 -1564 +591 -514 +564 -1570 +601 -503 +567 -1568 +586 -1567 +585 -517 +564 -1571 +585 -517 +567 -1565 +590 -1566 +601 -1553 +588 -517 +565 -518 +586 -1540 +589 -523 +585 -1538 +593 -516 +566 -514 +524 -1602 +609 -1548 +611 -1539 +591 -516 +590 -490 +591 -490 +590 -490 +591 -491 +521 -558 +592 -488 +592 -489 +595 -1535 +615 -1539 +615 -1537 +616 -1541 +612 -1538 +549 -5164 +4377 -4307 +614 -1539 +616 -493 +589 -1541 +615 -1543 +612 -490 +592 -489 +594 -1537 +615 -491 +521 -559 +593 -1538 +617 -489 +593 -488 +595 -1537 +616 -1536 +619 -488 +593 -1542 +546 -558 +592 -1543 +615 -1542 +614 -488 +592 -1542 +616 -490 +595 -1539 +616 -1542 +544 -1607 +615 -493 +589 -490 +592 -1539 +615 -491 +592 -1541 +616 -490 +591 -491 +521 -1608 +616 -1542 +589 -1563 +614 -491 +589 -491 +590 -491 +591 -490 +567 -516 +519 -560 +567 -514 +566 -519 +565 -1563 +590 -1564 +590 -1566 +588 -1567 +589 -1569 +589
observed_bytes_msb_first=b2 4d 6b 94 e0 1f
frames_identical=true

# Airflow select press 2
+4424 -4247 +621 -1530 +624 -481 +600 -1532 +625 -1533 +621 -481 +600 -481 +602 -1529 +623 -482 +538 -541 +600 -1531 +621 -482 +599 -481 +600 -1530 +623 -1530 +627 -479 +600 -1535 +562 -542 +603 -1531 +623 -1516 +639 -480 +601 -1534 +624 -482 +601 -1534 +622 -1534 +561 -1589 +625 -481 +602 -479 +601 -1527 +624 -485 +600 -1531 +625 -481 +605 -478 +562 -1566 +622 -1531 +624 -1528 +626 -484 +598 -480 +602 -479 +603 -478 +603 -481 +563 -516 +601 -480 +602 -479 +603 -1527 +624 -1534 +621 -1529 +625 -1532 +622 -1531 +562 -5151 +4386 -4302 +623 -1530 +624 -483 +599 -1534 +624 -1530 +624 -482 +599 -482 +598 -1535 +620 -485 +541 -538 +595 -1537 +619 -486 +596 -486 +595 -1536 +619 -1534 +622 -485 +570 -1567 +564 -539 +571 -1564 +616 -1539 +593 -512 +570 -1567 +592 -513 +569 -1565 +592 -1567 +561 -1589 +592 -515 +566 -514 +567 -1563 +591 -517 +565 -1567 +590 -516 +567 -517 +538 -1589 +590 -1565 +590 -1565 +589 -520 +562 -517 +563 -495 +587 -494 +586 -496 +540 -540 +588 -494 +586 -518 +569 -1563 +588 -1567 +588 -1567 +587 -1570 +585 -1570 +590
observed_bytes_msb_first=b2 4d 6b 94 e0 1f
frames_identical=true

# Airflow select press 3
+4405 -4261 +584 -1571 +583 -519 +562 -1570 +588 -1568 +584 -519 +562 -519 +563 -1570 +582 -521 +608 -473 +562 -1567 +584 -520 +563 -519 +561 -1568 +586 -1568 +587 -519 +563 -1573 +632 -471 +563 -1570 +589 -1567 +586 -519 +564 -1572 +586 -518 +564 -1569 +590 -1567 +606 -1548 +585 -518 +564 -517 +564 -1565 +590 -517 +565 -1569 +590 -518 +561 -518 +548 -1579 +590 -1564 +593 -1563 +588 -517 +564 -516 +589 -492 +593 -488 +589 -494 +523 -556 +589 -492 +592 -489 +592 -1538 +615 -1543 +611 -1540 +615 -1540 +616 -1539 +549 -5165 +4360 -4329 +611 -1543 +613 -490 +593 -1542 +616 -1538 +615 -491 +592 -490 +593 -1537 +616 -491 +521 -558 +594 -1535 +617 -489 +593 -489 +593 -1538 +616 -1539 +616 -489 +592 -1546 +544 -558 +593 -1541 +616 -1539 +617 -489 +593 -1543 +614 -489 +592 -1544 +615 -1541 +545 -1609 +614 -490 +593 -489 +592 -1538 +615 -490 +593 -1542 +617 -490 +590 -491 +520 -1612 +613 -1540 +614 -1543 +611 -492 +591 -490 +567 -515 +591 -490 +567 -517 +519 -560 +566 -515 +567 -515 +566 -1565 +589 -1568 +587 -1566 +589 -1567 +588 -1570 +591
observed_bytes_msb_first=b2 4d 6b 94 e0 1f
frames_identical=true

# Airflow select press 4
+4433 -4241 +624 -1528 +626 -479 +629 -1507 +649 -1503 +651 -454 +629 -452 +629 -1503 +653 -452 +593 -485 +630 -1501 +653 -451 +630 -451 +630 -1502 +653 -1500 +656 -449 +630 -1506 +620 -483 +606 -1530 +626 -1526 +652 -453 +605 -1530 +653 -453 +600 -1532 +627 -1531 +620 -1531 +625 -478 +602 -479 +572 -1559 +625 -480 +546 -1612 +598 -482 +574 -509 +546 -1582 +620 -1533 +622 -1531 +625 -483 +571 -508 +547 -535 +544 -537 +544 -517 +566 -510 +569 -512 +569 -512 +570 -1585 +568 -1615 +539 -1589 +590 -1561 +594 -1560 +568 -5145 +4409 -4279 +593 -1559 +595 -512 +568 -1565 +595 -1560 +594 -509 +568 -514 +567 -1564 +593 -513 +544 -514 +565 -1586 +593 -513 +544 -536 +545 -1588 +590 -1561 +594 -512 +569 -1568 +566 -538 +570 -1564 +592 -1563 +592 -511 +568 -1565 +597 -508 +567 -1567 +593 -1565 +563 -1588 +593 -512 +569 -512 +568 -1562 +592 -515 +567 -1565 +592 -513 +568 -516 +539 -1589 +594 -1561 +590 -1564 +591 -517 +564 -515 +566 -516 +566 -515 +567 -516 +518 -561 +565 -516 +564 -517 +566 -1566 +586 -1569 +584 -1567 +588 -1570 +585 -1571 +588
observed_bytes_msb_first=b2 4d 6b 94 e0 1f
frames_identical=true

# User-observed target behavior
press_1=continuous_swing_started
press_2=swing_stopped_at_current_position
press_3_and_4=same_toggle_command; target result not separately described
classification=stateless toggle command; state held by air conditioner
