air@AC:~ $ ir-ctl --one-shot --receive --device=/dev/lirc0
+4369 -4292 +654 -1499 +653 -451 +601 -1531 +628 -1525 +628 -476 +602 -478 +600 -1535 +626 -474 +572 -506 +599 -1531 +624 -480 +600 -481 +572 -1558 +623 -1530 +629 -475 +597 -1539 +622 -480 +602 -478 +572 -1558 +623 -1531 +627 -1524 +625 -1528 +624 -1529 +631 -1523 +621 -1530 +631 -1524 +626 -478 +598 -484 +575 -505 +571 -510 +570 -512 +568 -513 +546 -533 +547 -533 +570 -511 +549 -531 +546 -535 +546 -535 +544 -1589 +617 -1535 +599 -504 +570 -510 +569 -511 +546 -536 +546 -537 +543 -1588 +595 -510 +546 -1587 +569 -5135 +4403 -4280 +620 -1531 +597 -510 +569 -1566 +594 -1562 +616 -485 +570 -512 +545 -1586 +590 -514 +566 -489 +568 -1588 +566 -536 +567 -513 +544 -1591 +589 -1557 +596 -512 +568 -1566 +566 -536 +569 -514 +567 -1561 +594 -1562 +591 -1561 +594 -1561 +594 -1561 +596 -1560 +566 -1586 +594 -1562 +593 -513 +567 -514 +566 -493 +588 -491 +589 -492 +589 -497 +563 -512 +591 -490 +590 -492 +589 -492 +589 -491 +578 -503 +588 -1569 +586 -1567 +564 -519 +586 -491 +589 -492 +588 -493 +590 -491 +589 -1569 +591 -493 +589 -1571 +588

# Parsed result
button=timer_on_select
state_before=TIMER_ON_1.0h
state_after=TIMER_ON_1.5h  confirmed=true
commit=approximately_1_second_without_input
observed_bytes_msb_first=b2 4d 3f c0 03 05
frames_identical=true
timer_half_hour_step_index=3
last_pair_is_complement=false
